(1,2)
(1,3)
(2,2)
(2,3)
(3,2)
(3,3)
(10,10)
(12,12)
(25,25)
(28,28)
(48,48)
(68,68)
(69,69)
(78,78)
(81,81)
(103,103)
(124,124)
(132,132)
(137,137)
(138,138)
(140,140)
(146,146)
(148,148)
(160,160)
(184,184)
(190,190)
(191,191)
(193,193)
(207,207)
(220,220)
(224,224)
(238,238)
(242,242)
(246,246)
(253,253)
(259,259)
(262,262)
(282,282)
(291,291)
(298,298)
(304,304)
(305,305)
(309,309)
(314,314)
(320,320)
(328,328)
(361,361)
(395,395)
(399,399)
(402,402)
(434,434)
(452,452)
(466,466)
(468,468)
(475,475)
(477,477)
(510,510)
(512,512)
(525,525)
(528,528)
(547,547)
(575,575)
(596,596)
(598,598)
(631,631)
(633,633)
(644,644)
(650,650)
(654,654)
(662,662)
(670,670)
(676,676)
(677,677)
(695,695)
(719,719)
(727,727)
(744,744)
(745,745)
(750,750)
(751,751)
(772,772)
(777,777)
(781,781)
(787,787)
(792,792)
(794,794)
(796,796)
(805,805)
(827,827)
(829,829)
(849,849)
(863,863)
(867,867)
(873,873)
(875,875)
(876,876)
(877,877)
(883,883)
(908,908)
(912,912)
(926,926)
(941,941)
(944,944)
(984,984)
(985,985)
(995,995)
