(253,1)
(528,1)
(883,1)
(238,1)
(282,1)
(547,1)
(985,1)
(941,1)
(190,1)
(633,1)
(772,1)
(575,1)
(677,1)
(138,1)
(794,1)
(191,1)
(867,1)
(305,1)
(745,1)
(28,1)
(193,1)
(875,1)
(525,1)
(908,1)
(81,1)
(25,1)
(148,1)
(140,1)
(298,1)
(792,1)
(944,1)
(984,1)
(402,1)
(466,1)
(224,1)
(48,1)
(246,1)
(654,1)
(863,1)
(510,1)
(926,1)
(103,1)
(242,1)
(160,1)
(309,1)
(719,1)
(781,1)
(207,1)
(644,1)
(670,1)
(512,1)
(477,1)
(399,1)
(596,1)
(676,1)
(829,1)
(827,1)
(69,1)
(995,1)
(395,1)
(598,1)
(727,1)
(631,1)
(876,1)
(787,1)
(434,1)
(2,3)
(796,1)
(291,1)
(3,3)
(805,1)
(662,1)
(328,1)
(184,1)
(220,1)
(10,1)
(132,1)
(452,1)
(475,1)
(259,1)
(777,1)
(137,1)
(873,1)
(320,1)
(146,1)
(744,1)
(124,1)
(750,1)
(468,1)
(314,1)
(695,1)
(650,1)
(304,1)
(68,1)
(877,1)
(78,1)
(12,1)
(751,1)
(262,1)
(849,1)
(361,1)
(912,1)
